[0,1]
[0,2,3]
[0,2,4,5,13]
[0,2,4,5,6,7]
[0,2,4,5,6,8,10,11,12]
[0,2,4,5,6,8,10,12]
[0,2,4,5,6,8,9]
[5,6,7,5]
[5,6,8,10,11,12,5]
[5,6,8,10,12,5]
[5,6,8,9,5]
[6,7,5,13]
[6,7,5,6]
[6,8,10,11,12,5,13]
[6,8,10,11,12,5,6]
[6,8,10,12,5,13]
[6,8,10,12,5,6]
[6,8,9,5,13]
[6,8,9,5,6]
[7,5,6,7]
[7,5,6,8,10,11,12]
[7,5,6,8,10,12]
[7,5,6,8,9]
[8,10,11,12,5,6,7]
[8,10,11,12,5,6,8]
[8,10,12,5,6,7]
[8,10,12,5,6,8]
[8,9,5,6,7]
[8,9,5,6,8]
[9,5,6,8,10,11,12]
[9,5,6,8,10,12]
[9,5,6,8,9]
[10,11,12,5,6,8,10]
[10,11,12,5,6,8,9]
[10,12,5,6,8,10]
[10,12,5,6,8,9]
[11,12,5,6,8,10,11]
[12,5,6,8,10,11,12]
[12,5,6,8,10,12]